Go: 4.501501865 ms
JavaScript: 4919.411486 ms
